0 0.29375 0.403125 0.0703125 0.209375
0 0.21640625 0.46796875 0.1125 0.234375
0 0.71796875 0.42265625 0.1078125 0.2015625
1 0.725 0.23984375 0.0578125 0.0625
0 0.6046875 0.50234375 0.096875 0.2296875
1 0.209375 0.253125 0.065625 0.0625
1 0.5984375 0.30390625 0.059375 0.0578125
1 0.303125 0.215625 0.053125 0.053125
1 0.8203125 0.253125 0.075 0.0703125
1 0.4859375 0.25 0.0578125 0.0625
1 0.1328125 0.19921875 0.0625 0.0640625
0 0.3734375 0.4390625 0.1 0.221875
0 0.49609375 0.43359375 0.103125 0.20625
0 0.1203125 0.4 0.10625 0.2296875
1 0.375 0.24296875 0.059375 0.05625
0 0.83125 0.4546875 0.1390625 0.2296875