1 0.58828125 0.53828125 0.04375 0.0734375
1 0.559375 0.5171875 0.034375 0.059375
1 0.71796875 0.8703125 0.253125 0.259375
1 0.896875 0.51875 0.0390625 0.0546875
1 0.63203125 0.58828125 0.05625 0.096875
1 0.17578125 0.63125 0.1078125 0.15625
1 0.79609375 0.503125 0.0390625 0.059375
1 0.259375 0.50703125 0.046875 0.059375
1 0.55703125 0.6 0.075 0.1
0 0.35 0.83359375 0.140625 0.3046875
1 0.4671875 0.55390625 0.0578125 0.0828125
1 0.709375 0.55390625 0.05 0.075
1 0.35703125 0.5828125 0.0703125 0.0859375
0 0.54765625 0.853125 0.140625 0.29375