0 0.56640625 0.4484375 0.0359375 0.0375
1 0.9171875 0.378125 0.015625 0.01875
1 0.5046875 0.4171875 0.025 0.01875
1 0.865625 0.3890625 0.0125 0.0125
0 0.50390625 0.44375 0.0359375 0.04375
1 0.5671875 0.421875 0.025 0.01875
0 0.36875 0.43984375 0.05625 0.0546875
0 0.36875 0.50859375 0.11875 0.1015625
0 0.4640625 0.44921875 0.04375 0.0609375
1 0.71640625 0.34921875 0.0484375 0.0390625
0 0.71171875 0.421875 0.0765625 0.1
1 0.134375 0.33828125 0.1 0.0703125
0 0.85625 0.46171875 0.0625 0.0796875
0 0.1265625 0.4890625 0.175 0.2125