1 0.21015625 0.334375 0.034375 0.0390625
0 0.190625 0.47890625 0.1 0.2296875
1 0.11484375 0.315625 0.04375 0.0390625
0 0.3859375 0.67578125 0.1359375 0.265625
0 0.06796875 0.46484375 0.121875 0.1875
1 0.04296875 0.29609375 0.075 0.0578125
1 0.16484375 0.28671875 0.0671875 0.0625
1 0.35078125 0.41640625 0.1171875 0.11875
0 0.7984375 0.5421875 0.2125 0.3625
1 0.4640625 0.3875 0.0578125 0.0703125
1 0.27421875 0.29453125 0.0875 0.0796875
0 0.4828125 0.5625 0.0875 0.23125
1 0.834375 0.1984375 0.175 0.1484375
0 0.2734375 0.54609375 0.09375 0.296875