1 0.421875 0.14921875 0.0859375 0.0875
0 0.48203125 0.3671875 0.10625 0.3171875
1 0.484375 0.1328125 0.05625 0.0625
1 0.52578125 0.0796875 0.0546875 0.0609375
1 0.7578125 0.08671875 0.040625 0.05625
0 0.63828125 0.2375 0.06875 0.1609375
1 0.23125 0.12578125 0.090625 0.08125
1 0.62734375 0.12265625 0.046875 0.0515625
1 0.3234375 0.12734375 0.0953125 0.090625
1 0.81328125 0.0796875 0.0859375 0.084375
0 0.340625 0.3828125 0.18125 0.3296875
0 0.19375 0.32421875 0.15 0.2671875
0 0.81171875 0.2484375 0.1328125 0.2140625