1 0.59296875 0.371875 0.0234375 0.0390625
0 0.14921875 0.5875 0.1125 0.2796875
1 0.1375 0.1015625 0.0375 0.1015625
0 0.84296875 0.3625 0.0859375 0.184375
0 0.5515625 0.3390625 0.075 0.2234375
0 0.59609375 0.484375 0.0515625 0.1265625
1 0.36328125 0.14921875 0.05625 0.1203125
1 0.39921875 0.1609375 0.0359375 0.0640625
0 0.284375 0.33828125 0.1125 0.35
0 0.459375 0.3796875 0.1125 0.2515625
1 0.21640625 0.0765625 0.0546875 0.0828125
0 0.040625 0.4484375 0.08125 0.4875
1 0.0515625 0.03671875 0.1015625 0.06875
1 0.409375 0.43125 0.06875 0.1390625
0 0.4453125 0.6234375 0.1515625 0.2375
1 0.54296875 0.13125 0.0515625 0.0734375
1 0.140625 0.31328125 0.09375 0.1296875
0 0.9265625 0.3265625 0.0890625 0.2203125
1 0.26875 0.03359375 0.0734375 0.0671875
1 0.6515625 0.0546875 0.0515625 0.084375
0 0.753125 0.3734375 0.084375 0.2203125
1 0.459375 0.15 0.0546875 0.0828125
1 0.84453125 0.178125 0.0515625 0.06875
1 0.75390625 0.16328125 0.0515625 0.071875
1 0.909375 0.1375 0.0625 0.08125
0 0.66171875 0.27578125 0.0984375 0.25625