1 0.80859375 0.3578125 0.0203125 0.040625
0 0.471875 0.33828125 0.021875 0.0546875
0 0.35703125 0.4046875 0.0265625 0.078125
1 0.68671875 0.409375 0.0421875 0.078125
0 0.128125 0.321875 0.025 0.084375
1 0.15703125 0.26953125 0.0171875 0.0296875
0 0.2671875 0.371875 0.028125 0.075
1 0.9828125 0.159375 0.034375 0.06875
1 0.2765625 0.31484375 0.015625 0.0265625
1 0.06171875 0.30703125 0.0171875 0.0234375
1 0.13515625 0.253125 0.0171875 0.03125
0 0.06015625 0.35 0.0203125 0.05
1 0.8328125 0.3625 0.025 0.053125
1 0.515625 0.38515625 0.025 0.0484375
1 0.35390625 0.334375 0.0203125 0.025
0 0.15703125 0.3328125 0.0265625 0.084375
0 0.9109375 0.8046875 0.165625 0.378125
1 0.9015625 0.465625 0.090625 0.15
1 0.61484375 0.446875 0.1234375 0.20625
1 0.1046875 0.60625 0.20625 0.409375
0 0.39921875 0.334375 0.0296875 0.053125
0 0.2125 0.3671875 0.028125 0.0625
0 0.1875 0.37109375 0.025 0.0671875
0 0.0953125 0.334375 0.015625 0.040625