1 0.43984375 0.45234375 0.0375 0.0375
0 0.38984375 0.41484375 0.0625 0.1390625
0 0.665625 0.54375 0.0875 0.1234375
1 0.1234375 0.3171875 0.0390625 0.0421875
1 0.54375 0.28125 0.05 0.0453125
0 0.1234375 0.42109375 0.0671875 0.1296875
1 0.8234375 0.28046875 0.0515625 0.04375
1 0.06640625 0.3171875 0.0421875 0.0375
1 0.76015625 0.26171875 0.04375 0.0390625
0 0.74921875 0.3828125 0.08125 0.13125
0 0.621875 0.3703125 0.0625 0.1078125
1 0.390625 0.3078125 0.0296875 0.0296875
1 0.30546875 0.28515625 0.0421875 0.0421875
0 0.05390625 0.43125 0.08125 0.146875
0 0.54453125 0.40234375 0.075 0.1453125
0 0.83125 0.41171875 0.0734375 0.159375
0 0.9078125 0.3953125 0.0859375 0.153125
1 0.89921875 0.27109375 0.04375 0.04375
1 0.6734375 0.4375 0.0453125 0.0453125