1 0.66953125 0.42265625 0.0765625 0.09375
1 0.0265625 0.428125 0.053125 0.071875
1 0.45 0.42265625 0.1078125 0.1140625
0 0.22890625 0.8140625 0.2578125 0.371875
1 0.89765625 0.56328125 0.2046875 0.3859375
1 0.79453125 0.43046875 0.1734375 0.1703125
1 0.559375 0.54140625 0.1578125 0.165625
1 0.27109375 0.44609375 0.2421875 0.2421875
0 0.45078125 0.690625 0.0921875 0.2734375
0 0.82890625 0.89921875 0.3421875 0.2015625
0 0.5625 0.88359375 0.2125 0.228125
1 0.59765625 0.42578125 0.1046875 0.1265625
1 0.15703125 0.3890625 0.0734375 0.0609375
1 0.12109375 0.43984375 0.0828125 0.06875