0 0.625 0.33515625 0.0921875 0.278125
1 0.6625 0.3671875 0.0796875 0.1109375
1 0.81015625 0.2546875 0.065625 0.1046875
0 0.8921875 0.44765625 0.1 0.2265625
0 0.8203125 0.4765625 0.1140625 0.284375
1 0.68515625 0.20234375 0.075 0.0921875
1 0.42109375 0.29453125 0.0828125 0.115625
1 0.64375 0.14140625 0.06875 0.1109375
1 0.86484375 0.271875 0.0796875 0.103125
1 0.728125 0.0984375 0.071875 0.1046875
1 0.4796875 0.33515625 0.0828125 0.115625
1 0.19140625 0.1703125 0.0828125 0.1109375
0 0.2328125 0.37578125 0.109375 0.3125
0 0.4828125 0.56640625 0.1375 0.3125