1 0.128125 0.45234375 0.05 0.084375
0 0.2203125 0.66953125 0.0875 0.196875
0 0.71171875 0.5296875 0.0578125 0.1796875
1 0.375 0.3421875 0.0578125 0.078125
0 0.88203125 0.57421875 0.090625 0.184375
1 0.71328125 0.39609375 0.040625 0.0546875
1 0.18984375 0.5265625 0.053125 0.078125
0 0.76640625 0.5265625 0.046875 0.1375
1 0.61796875 0.36640625 0.0703125 0.1015625
1 0.471875 0.32734375 0.0578125 0.084375
1 0.8453125 0.4078125 0.0234375 0.0296875
1 0.76640625 0.41640625 0.034375 0.0484375
1 0.24140625 0.35703125 0.04375 0.059375
1 0.30703125 0.36015625 0.0390625 0.065625