0 0.4046875 0.20078125 0.15625 0.1859375
0 0.36875 0.79765625 0.1296875 0.1375
0 0.3921875 0.53359375 0.1640625 0.1609375
1 0.5890625 0.68359375 0.071875 0.0453125
1 0.55625 0.38359375 0.090625 0.06875
1 0.1453125 0.6625 0.084375 0.053125
1 0.1921875 0.3609375 0.09375 0.0625
1 0.784375 0.70546875 0.0734375 0.0515625
1 0.22265625 0.66875 0.075 0.0515625
1 0.56015625 0.065625 0.0828125 0.05625
1 0.9 0.68671875 0.071875 0.0546875
1 0.39765625 0.03125 0.078125 0.053125
1 0.4828125 0.67734375 0.075 0.0515625
1 0.715625 0.03828125 0.075 0.053125
1 0.88046875 0.37265625 0.0890625 0.0609375
1 0.353125 0.375 0.0890625 0.0640625
1 0.371875 0.66328125 0.071875 0.0484375
1 0.18125 0.03046875 0.078125 0.053125
1 0.2765625 0.09140625 0.08125 0.05625
1 0.69765625 0.653125 0.071875 0.046875
1 0.87734375 0.0625 0.0796875 0.059375
1 0.66953125 0.33125 0.090625 0.065625