0 0.671875 0.73984375 0.1703125 0.2921875
1 0.25703125 0.23046875 0.05 0.0578125
0 0.85234375 0.43828125 0.0765625 0.1859375
1 0.64609375 0.246875 0.034375 0.0546875
1 0.84765625 0.203125 0.0375 0.0421875
1 0.95 0.24375 0.0328125 0.04375
0 0.77421875 0.54296875 0.1390625 0.2921875
1 0.821875 0.3171875 0.059375 0.078125
0 0.3859375 0.7359375 0.2296875 0.3453125
1 0.71953125 0.265625 0.059375 0.0796875
1 0.11875 0.2484375 0.0546875 0.0671875
1 0.26484375 0.2640625 0.0515625 0.0609375
1 0.7546875 0.3359375 0.065625 0.084375
1 0.63828125 0.4734375 0.1125 0.1265625
0 0.0390625 0.45625 0.078125 0.190625
1 0.9265625 0.2640625 0.046875 0.0515625
1 0.0203125 0.31171875 0.040625 0.084375
1 0.19921875 0.24609375 0.053125 0.0796875
1 0.59609375 0.30625 0.0671875 0.090625
1 0.3953125 0.4578125 0.115625 0.171875