1 0.88671875 0.6 0.0890625 0.1828125
1 0.965625 0.60625 0.06875 0.21875
1 0.45546875 0.18515625 0.071875 0.115625
1 0.528125 0.11484375 0.065625 0.0859375
1 0.4609375 0.9390625 0.140625 0.121875
0 0.71484375 0.92421875 0.26875 0.1515625
1 0.82265625 0.19375 0.071875 0.109375
1 0.659375 0.2125 0.071875 0.109375
1 0.203125 0.21484375 0.0921875 0.115625
1 0.2625 0.46640625 0.0859375 0.1578125
1 0.37734375 0.29375 0.0859375 0.115625
1 0.7265625 0.690625 0.128125 0.1828125
1 0.38671875 0.72734375 0.1046875 0.21875