0 0.02421875 0.72421875 0.0359375 0.05
0 0.53828125 0.54765625 0.0734375 0.1296875
0 0.28671875 0.51171875 0.0671875 0.1
1 0.30703125 0.6875 0.025 0.0375
1 0.0375 0.6765625 0.0328125 0.0359375
1 0.1296875 0.66640625 0.0359375 0.0359375
1 0.39296875 0.70625 0.0234375 0.046875
1 0.6234375 0.6375 0.0359375 0.0359375
1 0.31796875 0.4453125 0.0390625 0.0515625
0 0.9515625 0.35859375 0.0703125 0.1328125
0 0.60703125 0.71953125 0.053125 0.1109375
1 0.93046875 0.265625 0.0390625 0.053125
1 0.55546875 0.45703125 0.040625 0.046875
0 0.365625 0.7203125 0.071875 0.13125