0 0.81484375 0.5515625 0.1609375 0.3171875
1 0.0203125 0.346875 0.0328125 0.0703125
1 0.18515625 0.32265625 0.0578125 0.065625
1 0.134375 0.26484375 0.0734375 0.09375
1 0.0109375 0.2375 0.021875 0.0703125
1 0.07265625 0.26796875 0.0796875 0.0875
1 0.265625 0.3390625 0.065625 0.0875
0 0.26171875 0.565625 0.13125 0.2578125
1 0.41484375 0.31953125 0.0734375 0.1046875
1 0.79609375 0.31953125 0.1015625 0.1265625
0 0.58203125 0.48359375 0.153125 0.3234375
0 0.42578125 0.53828125 0.1453125 0.26875
1 0.56171875 0.2515625 0.0828125 0.0984375