0 0.490625 0.88046875 0.0828125 0.1890625
0 0.86171875 0.10390625 0.0640625 0.1953125
0 0.98125 0.86796875 0.0375 0.2265625
0 0.0265625 0.7140625 0.053125 0.15625
1 0.37265625 0.65078125 0.028125 0.0703125
1 0.40234375 0.65703125 0.03125 0.0703125
1 0.5203125 0.7640625 0.053125 0.0828125
0 0.37578125 0.7515625 0.059375 0.1453125
1 0.5234375 0.2078125 0.046875 0.0765625
1 0.88984375 0.540625 0.05 0.0890625
1 0.42421875 0.7734375 0.05 0.0890625
0 0.40859375 0.92109375 0.0953125 0.1578125
0 0.16640625 0.6921875 0.0703125 0.1765625
1 0.0171875 0.59140625 0.034375 0.0640625
1 0.16953125 0.56328125 0.04375 0.09375