1 0.6921875 0.3171875 0.0109375 0.0265625
1 0.8265625 0.29609375 0.0140625 0.0390625
0 0.52578125 0.35390625 0.0234375 0.0921875
1 0.525 0.27890625 0.0171875 0.034375
1 0.1875 0.165625 0.01875 0.0390625
1 0.45859375 0.27109375 0.0140625 0.034375
0 0.4125 0.2484375 0.0234375 0.1125
1 0.796875 0.20390625 0.0203125 0.0453125
1 0.2140625 0.6578125 0.065625 0.1453125
0 0.69296875 0.36953125 0.01875 0.0765625
1 0.59140625 0.340625 0.0203125 0.05
1 0.421875 0.1578125 0.021875 0.0546875
1 0.43828125 0.315625 0.0171875 0.046875
0 0.59375 0.43828125 0.0328125 0.13125
1 0.5109375 0.6484375 0.0578125 0.1578125
1 0.50859375 0.50390625 0.0390625 0.1