0 0.28984375 0.5328125 0.0515625 0.1
1 0.153125 0.4703125 0.0125 0.015625
1 0.50078125 0.44765625 0.03125 0.040625
0 0.4359375 0.58359375 0.09375 0.3265625
0 0.06484375 0.56484375 0.0796875 0.1171875
1 0.50625 0.40859375 0.025 0.0328125
1 0.33359375 0.43671875 0.0234375 0.034375
1 0.53515625 0.3875 0.03125 0.0421875
1 0.0578125 0.4421875 0.0671875 0.05625
1 0.409375 0.3078125 0.0953125 0.096875
0 0.709375 0.63515625 0.1734375 0.434375
1 0.66484375 0.29921875 0.10625 0.13125
0 0.1515625 0.51015625 0.025 0.0546875
0 0.3296875 0.50234375 0.040625 0.0640625
0 0.91328125 0.7359375 0.1734375 0.5234375
0 0.54609375 0.484375 0.0734375 0.1203125
0 0.53046875 0.52890625 0.0703125 0.115625
0 0.3734375 0.484375 0.0375 0.0734375