1 0.72578125 0.30625 0.071875 0.0453125
1 0.29296875 0.29921875 0.0828125 0.0640625
1 0.4828125 0.24765625 0.0625 0.0390625
1 0.225 0.28828125 0.075 0.0578125
1 0.59609375 0.25703125 0.071875 0.053125
1 0.75625 0.2546875 0.05625 0.0296875
1 0.08984375 0.26171875 0.0890625 0.0625
1 0.43515625 0.2296875 0.053125 0.0359375
1 0.65 0.2328125 0.0515625 0.0390625
1 0.36796875 0.24765625 0.0671875 0.0578125
1 0.42890625 0.30625 0.075 0.0515625
1 0.6515625 0.34140625 0.1015625 0.0671875
1 0.28125 0.2296875 0.0625 0.0453125
1 0.91953125 0.4109375 0.128125 0.0859375
1 0.17421875 0.384375 0.11875 0.0921875
1 0.02734375 0.36640625 0.0546875 0.0984375
1 0.896875 0.3125 0.096875 0.0671875
1 0.36171875 0.334375 0.0984375 0.0765625
1 0.5203125 0.321875 0.1140625 0.0953125
1 0.790625 0.41796875 0.1296875 0.10625
1 0.36171875 0.04140625 0.1015625 0.0703125
1 0.3671875 0.1296875 0.084375 0.065625
1 0.52578125 0.05546875 0.121875 0.103125
1 0.65546875 0.0359375 0.1 0.0671875
1 0.89609375 0.0609375 0.10625 0.06875
1 0.59609375 0.11484375 0.0703125 0.0640625
1 0.09375 0.1140625 0.1078125 0.059375
1 0.22265625 0.0875 0.075 0.0578125
1 0.28828125 0.07421875 0.0875 0.084375
1 0.65625 0.1453125 0.0625 0.0453125