0 0.01328125 0.409375 0.0265625 0.178125
1 0.0296875 0.22578125 0.0296875 0.0359375
1 0.7796875 0.1640625 0.03125 0.0390625
1 0.10234375 0.0125 0.0328125 0.021875
1 0.746875 0.12734375 0.0390625 0.0546875
1 0.7125 0.1328125 0.04375 0.0515625
0 0.14453125 0.36875 0.0671875 0.1765625
1 0.02265625 0.2796875 0.040625 0.0546875
0 0.9125 0.29296875 0.0859375 0.1765625
1 0.98515625 0.375 0.0296875 0.08125
0 0.2296875 0.37734375 0.0859375 0.2203125
1 0.07578125 0.23203125 0.0359375 0.0390625
1 0.221875 0.20390625 0.05 0.059375
1 0.14453125 0.23359375 0.0484375 0.0453125
1 0.36171875 0.1703125 0.09375 0.1125
1 0.82578125 0.1609375 0.0578125 0.0640625
0 0.95 0.57109375 0.0953125 0.25
1 0.92734375 0.15546875 0.0453125 0.059375
1 0.58203125 0.11953125 0.065625 0.0671875