0 0.446875 0.5375 0.046875 0.0953125
0 0.76875 0.5015625 0.090625 0.15625
1 0.83203125 0.41875 0.053125 0.05625
1 0.5390625 0.46640625 0.0265625 0.028125
1 0.22578125 0.4484375 0.028125 0.0296875
1 0.17109375 0.46328125 0.025 0.0328125
1 0.4546875 0.45859375 0.0390625 0.0375
1 0.1953125 0.45859375 0.0265625 0.0328125
0 0.671875 0.478125 0.071875 0.1484375
1 0.790625 0.384375 0.065625 0.0625
1 0.9203125 0.43125 0.05625 0.0484375
1 0.503125 0.42734375 0.0546875 0.0515625
1 0.6828125 0.36015625 0.05 0.0515625