1 0.54296875 0.225 0.034375 0.05
1 0.13671875 0.1546875 0.0421875 0.0484375
1 0.4390625 0.21328125 0.0421875 0.0484375
1 0.91484375 0.17578125 0.046875 0.0625
0 0.12109375 0.45234375 0.1390625 0.31875
1 0.646875 0.21171875 0.05 0.071875
1 0.8640625 0.19765625 0.0796875 0.075
1 0.2640625 0.21484375 0.06875 0.084375
0 0.50703125 0.3796875 0.0984375 0.246875
1 0.496875 0.17109375 0.075 0.1015625
1 0.3359375 0.21796875 0.0765625 0.1078125
0 0.86328125 0.3953125 0.134375 0.240625
1 0.10625 0.20859375 0.0890625 0.1078125
0 0.64765625 0.375 0.0890625 0.2015625
0 0.33828125 0.43984375 0.1609375 0.29375