0 0.39609375 0.31171875 0.0328125 0.08125
1 0.59765625 0.2265625 0.0265625 0.028125
1 0.77578125 0.2265625 0.0234375 0.025
1 0.25 0.21640625 0.04375 0.04375
1 0.73046875 0.234375 0.0296875 0.0359375
0 0.209375 0.43203125 0.134375 0.2296875
1 0.95 0.20546875 0.078125 0.0796875
1 0.6859375 0.2015625 0.071875 0.0703125
1 0.1953125 0.2375 0.071875 0.06875
0 0.90625 0.40625 0.1625 0.221875
1 0.4859375 0.12578125 0.0625 0.0640625
0 0.71875 0.43984375 0.153125 0.28125
0 0.48359375 0.33359375 0.1359375 0.2515625