1 0.25234375 0.221875 0.1109375 0.0765625
1 0.6078125 0.2578125 0.14375 0.1078125
1 0.73984375 0.284375 0.1609375 0.1046875
1 0.40390625 0.23203125 0.0875 0.0640625
1 0.215625 0.278125 0.0953125 0.0765625
1 0.2 0.6796875 0.14375 0.096875
1 0.0921875 0.17421875 0.096875 0.0609375
1 0.30625 0.5578125 0.125 0.0921875
1 0.4859375 0.24609375 0.1078125 0.115625
1 0.3359375 0.284375 0.1125 0.071875
0 0.8640625 0.865625 0.25625 0.26875
1 0.1421875 0.234375 0.1078125 0.0765625
1 0.83984375 0.24765625 0.128125 0.0890625
1 0.728125 0.5578125 0.1359375 0.0921875
1 0.61171875 0.63828125 0.153125 0.1078125
1 0.3921875 0.69609375 0.1609375 0.1125
1 0.03984375 0.64609375 0.0796875 0.1
1 0.03984375 0.265625 0.0796875 0.0921875
1 0.85625 0.62421875 0.1765625 0.1203125