0 0.415625 0.528125 0.140625 0.2859375
1 0.715625 0.37578125 0.0890625 0.1609375
1 0.184375 0.271875 0.05 0.0515625
0 0.153125 0.4265625 0.084375 0.1640625
1 0.35390625 0.246875 0.0375 0.053125
1 0.62265625 0.24453125 0.0421875 0.0453125
0 0.06796875 0.35234375 0.0796875 0.1
1 0.74296875 0.2296875 0.053125 0.0609375
0 0.2265625 0.50234375 0.1265625 0.2078125
0 0.71640625 0.3734375 0.090625 0.1609375
1 0.15234375 0.20234375 0.046875 0.05
0 0.88515625 0.37890625 0.090625 0.171875
0 0.6125 0.73984375 0.2296875 0.35625
1 0.071875 0.26640625 0.053125 0.0578125
1 0.73359375 0.26640625 0.0546875 0.0625
1 0.24453125 0.3375 0.071875 0.0890625
1 0.88125 0.24921875 0.05625 0.0671875
0 0.9609375 0.45234375 0.078125 0.1921875
1 0.79765625 0.246875 0.05625 0.0796875
1 0.1734375 0.3234375 0.0625 0.0734375
1 0.28046875 0.26875 0.0625 0.0765625
1 0.3609375 0.4734375 0.1171875 0.1296875
1 0.9796875 0.31640625 0.040625 0.0953125
1 0.40390625 0.30703125 0.078125 0.09375
1 0.60234375 0.45859375 0.1296875 0.1765625