0 0.63515625 0.69375 0.0421875 0.078125
0 0.86171875 0.721875 0.0296875 0.04375
0 0.9765625 0.72265625 0.034375 0.0515625
0 0.7109375 0.51171875 0.06875 0.0984375
0 0.4609375 0.5484375 0.071875 0.134375
1 0.96328125 0.6765625 0.0296875 0.034375
1 0.6078125 0.70625 0.021875 0.04375
1 0.69453125 0.6875 0.0234375 0.034375
1 0.871875 0.665625 0.034375 0.034375
0 0.04765625 0.36015625 0.0671875 0.1390625
1 0.68359375 0.4453125 0.0390625 0.046875
1 0.44609375 0.45625 0.0390625 0.046875
1 0.37734375 0.63828125 0.0359375 0.0359375
1 0.0703125 0.2671875 0.040625 0.053125
0 0.3953125 0.72265625 0.05625 0.1109375