1 0.81640625 0.28046875 0.065625 0.0515625
1 0.55625 0.5984375 0.05625 0.0796875
0 0.85546875 0.4265625 0.115625 0.19375
1 0.9125 0.28671875 0.040625 0.0390625
1 0.584375 0.40703125 0.04375 0.0390625
1 0.24296875 0.30390625 0.071875 0.0734375
1 0.52265625 0.41328125 0.040625 0.046875
0 0.13671875 0.50625 0.2125 0.2890625
1 0.66015625 0.25390625 0.09375 0.065625
0 0.43359375 0.609375 0.1859375 0.10625
0 0.44140625 0.44609375 0.0984375 0.115625
1 0.1515625 0.284375 0.1296875 0.10625
0 0.68359375 0.42734375 0.1375 0.2046875