1 0.60234375 0.26171875 0.05625 0.059375
1 0.6671875 0.25546875 0.0578125 0.0625
1 0.34296875 0.49453125 0.0578125 0.053125
1 0.42421875 0.4078125 0.0609375 0.0625
1 0.503125 0.19375 0.0578125 0.05625
1 0.209375 0.52578125 0.0625 0.0671875
1 0.41015625 0.2609375 0.05625 0.0625
1 0.2671875 0.45078125 0.0578125 0.05625
1 0.54375 0.240625 0.059375 0.0640625
1 0.21171875 0.28359375 0.053125 0.053125
1 0.72734375 0.2234375 0.0625 0.071875
1 0.1171875 0.2984375 0.0546875 0.05625
1 0.33125 0.20625 0.0578125 0.0484375
1 0.8421875 0.2390625 0.06875 0.078125