0 0.625 0.33515625 0.0921875 0.278125
1 0.6640625 0.3671875 0.075 0.1109375
1 0.80859375 0.25703125 0.0625 0.0984375
0 0.8953125 0.45078125 0.0921875 0.21875
0 0.8203125 0.47421875 0.1140625 0.278125
1 0.42109375 0.2921875 0.0828125 0.121875
1 0.68515625 0.20546875 0.075 0.0984375
1 0.64375 0.14140625 0.06875 0.1109375
1 0.72578125 0.10078125 0.075 0.1109375
1 0.86484375 0.27421875 0.0796875 0.1109375
1 0.4796875 0.33515625 0.0828125 0.115625
1 0.19140625 0.1703125 0.0828125 0.1109375
0 0.234375 0.37578125 0.10625 0.3015625
0 0.4828125 0.56953125 0.1375 0.30625