1 0.32890625 0.78671875 0.1703125 0.2890625
1 0.9703125 0.48828125 0.05625 0.2796875
1 0.8453125 0.1578125 0.1625 0.303125
1 0.68203125 0.7375 0.1703125 0.275
1 0.96171875 0.17734375 0.0765625 0.3078125
1 0.31875 0.153125 0.153125 0.2875
1 0.3296875 0.47890625 0.16875 0.2921875
1 0.146875 0.146875 0.15625 0.28125
0 0.96171875 0.17421875 0.0765625 0.3078125
1 0.46875 0.2015625 0.15625 0.28125
1 0.6828125 0.49375 0.171875 0.275
1 0.85 0.48828125 0.159375 0.2859375
1 0.50234375 0.82421875 0.1765625 0.3203125
1 0.5 0.4921875 0.165625 0.2875
1 0.14453125 0.47734375 0.1390625 0.2765625
1 0.14375 0.8046875 0.175 0.28125
1 0.64609375 0.18046875 0.1578125 0.2734375
1 0.86640625 0.80078125 0.1859375 0.2828125