0 0.465625 0.4734375 0.1203125 0.1265625
0 0.2703125 0.4203125 0.06875 0.134375
1 0.75234375 0.34453125 0.025 0.0296875
0 0.46328125 0.33359375 0.103125 0.153125
1 0.246875 0.3140625 0.0390625 0.046875
0 0.61328125 0.33515625 0.10625 0.1984375
1 0.57109375 0.20625 0.0578125 0.084375
1 0.9265625 0.284375 0.146875 0.221875
0 0.9421875 0.5984375 0.115625 0.3953125
1 0.7828125 0.0703125 0.1265625 0.140625
1 0.36171875 0.4234375 0.0765625 0.1171875
1 0.4546875 0.20546875 0.0546875 0.06875
1 0.2109375 0.5625 0.090625 0.1796875