1 0.41171875 0.1546875 0.0328125 0.078125
1 0.12734375 0.15390625 0.0390625 0.0890625
1 0.85390625 0.1015625 0.0390625 0.078125
1 0.778125 0.0921875 0.034375 0.078125
1 0.71328125 0.08828125 0.0390625 0.0828125
1 0.1828125 0.1265625 0.028125 0.078125
1 0.06484375 0.11484375 0.0359375 0.0828125
1 0.64609375 0.15859375 0.0421875 0.0890625
1 0.9109375 0.0953125 0.034375 0.078125
1 0.334375 0.13828125 0.03125 0.0671875
1 0.278125 0.1328125 0.034375 0.078125
1 0.22109375 0.14609375 0.0328125 0.0828125
1 0.4734375 0.109375 0.0375 0.084375
0 0.4765625 0.38828125 0.121875 0.3109375