0 0.62890625 0.28828125 0.075 0.259375
0 0.46171875 0.4171875 0.059375 0.2078125
0 0.52734375 0.2640625 0.0546875 0.2390625
1 0.4015625 0.31015625 0.0359375 0.0828125
1 0.66796875 0.15 0.03125 0.0796875
1 0.7640625 0.35703125 0.04375 0.09375
1 0.5578125 0.41015625 0.0390625 0.103125
1 0.4765625 0.27421875 0.0359375 0.1140625
0 0.815625 0.503125 0.078125 0.2484375
0 0.38046875 0.49296875 0.0703125 0.240625
1 0.5453125 0.07421875 0.0390625 0.1
1 0.51796875 0.44453125 0.0421875 0.125
1 0.196875 0.58828125 0.059375 0.1453125