0 0.465625 0.6015625 0.0625 0.340625
1 0.446875 0.33359375 0.0546875 0.0890625
0 0.10546875 0.51796875 0.065625 0.1734375
1 0.09453125 0.38046875 0.046875 0.0515625
1 0.39140625 0.27265625 0.0828125 0.0890625
1 0.015625 0.2765625 0.03125 0.1421875
1 0.965625 0.26484375 0.065625 0.20625
0 0.9546875 0.75078125 0.0875 0.4984375
1 0.57578125 0.24765625 0.096875 0.134375
0 0.58671875 0.628125 0.153125 0.4546875
0 0.29375 0.64609375 0.2015625 0.515625
1 0.2875 0.18046875 0.125 0.1375
0 0.7875 0.67890625 0.2296875 0.6125
1 0.771875 0.21171875 0.11875 0.15