1 0.39609375 0.41640625 0.0390625 0.0484375
1 0.45703125 0.43359375 0.0375 0.053125
1 0.4828125 0.42109375 0.0390625 0.0484375
0 0.4828125 0.5234375 0.0484375 0.1171875
1 0.01015625 0.45 0.0203125 0.0359375
1 0.60390625 0.3234375 0.0625 0.0734375
1 0.80234375 0.39765625 0.0390625 0.040625
1 0.22578125 0.2890625 0.075 0.0828125
1 0.9609375 0.38984375 0.0390625 0.0453125
0 0.8484375 0.49609375 0.0671875 0.1328125
0 0.7203125 0.5125 0.0765625 0.15
1 0.8421875 0.38125 0.0390625 0.0421875
0 0.96953125 0.49609375 0.0609375 0.1328125
1 0.71015625 0.3921875 0.046875 0.0546875
0 0.80703125 0.53125 0.071875 0.184375
0 0.409375 0.53125 0.06875 0.140625
0 0.459375 0.525 0.06875 0.1453125
0 0.528125 0.5234375 0.05 0.13125
0 0.01953125 0.55 0.0390625 0.13125
1 0.55 0.41796875 0.0359375 0.05625
1 0.359375 0.4546875 0.0328125 0.059375
1 0.3234375 0.38515625 0.084375 0.121875
1 0.121875 0.365625 0.065625 0.096875
1 0.26640625 0.428125 0.034375 0.05625
1 0.68359375 0.609375 0.078125 0.059375