1 0.128125 0.08359375 0.0265625 0.025
1 0.0875 0.3984375 0.0109375 0.015625
0 0.1078125 0.425 0.0171875 0.0375
1 0.1078125 0.39296875 0.0109375 0.0140625
0 0.0890625 0.44453125 0.0171875 0.05
0 0.19453125 0.50703125 0.03125 0.1296875
1 0.659375 0.36171875 0.0203125 0.03125
1 0.87109375 0.4640625 0.0375 0.0796875
1 0.615625 0.3390625 0.0296875 0.0390625
0 0.74921875 0.46328125 0.0625 0.134375
1 0.63828125 0.334375 0.021875 0.0390625
1 0.9203125 0.9703125 0.0453125 0.046875
1 0.1875 0.41171875 0.025 0.03125
0 0.94296875 0.52109375 0.09375 0.140625
1 0.15234375 0.4515625 0.028125 0.0421875
0 0.29140625 0.51953125 0.05625 0.165625
0 0.1171875 0.56796875 0.0765625 0.16875
1 0.33359375 0.33046875 0.040625 0.05625
1 0.2859375 0.39296875 0.03125 0.040625
0 0.23515625 0.51953125 0.04375 0.13125
1 0.23359375 0.41171875 0.0296875 0.0390625
1 0.15625 0.40546875 0.021875 0.0296875
1 0.38203125 0.36640625 0.0609375 0.090625
1 0.809375 0.52421875 0.04375 0.0625
0 0.77578125 0.665625 0.0703125 0.1921875
1 0.690625 0.3609375 0.0390625 0.046875
1 0.759375 0.35625 0.028125 0.0453125
1 0.528125 0.32890625 0.04375 0.05