1 0.225 0.27109375 0.065625 0.0609375
1 0.41484375 0.40859375 0.0453125 0.040625
1 0.0875 0.28828125 0.0453125 0.046875
1 0.18359375 0.284375 0.084375 0.0734375
1 0.44375 0.59609375 0.0609375 0.0796875
1 0.75703125 0.30234375 0.071875 0.0703125
0 0.14453125 0.4265625 0.1296875 0.2015625
1 0.33984375 0.259375 0.103125 0.0796875
0 0.5609375 0.4484375 0.0984375 0.115625
0 0.85703125 0.5046875 0.2234375 0.28125
1 0.85078125 0.284375 0.134375 0.10625
1 0.48046875 0.41328125 0.0484375 0.0515625
0 0.56484375 0.609375 0.1875 0.10625
0 0.31953125 0.42890625 0.15 0.2125