1 0.07578125 0.2 0.0109375 0.0296875
1 0.634375 0.0578125 0.0203125 0.078125
0 0.18359375 0.428125 0.034375 0.271875
1 0.09765625 0.18359375 0.0109375 0.03125
0 0.07734375 0.29453125 0.0171875 0.1078125
0 0.096875 0.253125 0.0171875 0.075
1 0.65390625 0.11640625 0.0203125 0.0609375
0 0.74453125 0.32421875 0.0578125 0.2734375
0 0.940625 0.44921875 0.096875 0.284375
1 0.325 0.0609375 0.04375 0.121875
0 0.10625 0.559375 0.078125 0.3625
1 0.17734375 0.228125 0.0234375 0.0578125
0 0.225 0.45859375 0.0453125 0.2984375
1 0.14140625 0.3078125 0.028125 0.0859375
1 0.6875 0.11484375 0.0375 0.103125
1 0.37265625 0.128125 0.0609375 0.1796875
0 0.28203125 0.4609375 0.0578125 0.3484375
0 0.77265625 0.76640625 0.0671875 0.40625
1 0.225 0.22890625 0.0296875 0.078125
1 0.86875 0.33671875 0.034375 0.1609375
1 0.146875 0.2125 0.021875 0.0609375
1 0.278125 0.18359375 0.03125 0.0859375
1 0.80703125 0.4625 0.04375 0.125
1 0.75546875 0.10625 0.028125 0.0921875
1 0.52265625 0.05 0.04375 0.1