0 0.921875 0.50234375 0.1140625 0.11875
0 0.5359375 0.5890625 0.1390625 0.171875
1 0.46171875 0.38515625 0.04375 0.04375
1 0.91953125 0.43125 0.0515625 0.04375
0 0.43046875 0.42890625 0.0578125 0.0875
0 0.5734375 0.44453125 0.0703125 0.09375
0 0.50625 0.44921875 0.075 0.09375
0 0.68125 0.61328125 0.103125 0.1671875
1 0.50859375 0.38828125 0.040625 0.0296875
1 0.7234375 0.3515625 0.053125 0.04375
0 0.72578125 0.446875 0.10625 0.1375
1 0.63359375 0.3640625 0.0515625 0.04375
1 0.86171875 0.39140625 0.0515625 0.046875
1 0.5640625 0.375 0.0515625 0.040625