1 0.44609375 0.4125 0.0265625 0.0265625
1 0.41328125 0.4046875 0.025 0.0265625
1 0.8578125 0.48203125 0.0390625 0.03125
1 0.91015625 0.475 0.040625 0.0359375
1 0.24375 0.48203125 0.0359375 0.0359375
0 0.4125 0.44453125 0.0609375 0.0671875
1 0.4671875 0.3953125 0.0359375 0.03125
0 0.47265625 0.44921875 0.05625 0.071875
1 0.2046875 0.4578125 0.04375 0.0359375
0 0.353125 0.54453125 0.0828125 0.0984375
1 0.6078125 0.446875 0.0390625 0.0296875
0 0.61875 0.509375 0.059375 0.1015625
1 0.3453125 0.48828125 0.0359375 0.034375
0 0.5375 0.53515625 0.0890625 0.1140625
1 0.540625 0.4578125 0.0484375 0.040625