1 0.4 0.4015625 0.0703125 0.0828125
1 0.034375 0.35546875 0.065625 0.0625
1 0.24921875 0.41328125 0.0625 0.0671875
1 0.73671875 0.375 0.065625 0.0671875
0 0.03359375 0.51796875 0.0671875 0.184375
1 0.58125 0.3890625 0.0625 0.0765625
1 0.10703125 0.4078125 0.0640625 0.0609375
0 0.11484375 0.57421875 0.1171875 0.1921875
0 0.4078125 0.57109375 0.1265625 0.2140625
0 0.25703125 0.57578125 0.109375 0.1953125
0 0.87734375 0.521875 0.11875 0.1875
0 0.571875 0.540625 0.11875 0.1875
0 0.73203125 0.546875 0.1171875 0.2