1 0.30859375 0.33046875 0.0109375 0.0171875
1 0.43828125 0.3109375 0.0140625 0.021875
1 0.20546875 0.25234375 0.0140625 0.0265625
1 0.48984375 0.32734375 0.0109375 0.0265625
0 0.30625 0.3640625 0.01875 0.0375
1 0.17265625 0.31484375 0.0140625 0.0265625
0 0.4359375 0.34765625 0.021875 0.0453125
1 0.47578125 0.30234375 0.0140625 0.0203125
1 0.81171875 0.22578125 0.0171875 0.0296875
1 0.5421875 0.296875 0.0125 0.01875
0 0.47421875 0.353125 0.0234375 0.059375
0 0.4078125 0.40390625 0.028125 0.0890625
1 0.5796875 0.22421875 0.01875 0.0265625
1 0.4078125 0.34140625 0.01875 0.0265625
1 0.56328125 0.32890625 0.0171875 0.0328125
1 0.48984375 0.55 0.0609375 0.103125
1 0.4921875 0.45546875 0.0375 0.0640625
0 0.35 0.33515625 0.021875 0.0421875
0 0.81328125 0.28046875 0.0359375 0.0546875