0 0.42421875 0.50546875 0.046875 0.134375
0 0.4875 0.4921875 0.053125 0.178125
0 0.53203125 0.525 0.0625 0.178125
1 0.42421875 0.3953125 0.03125 0.0390625
1 0.23515625 0.4140625 0.0296875 0.040625
1 0.47734375 0.3484375 0.040625 0.0578125
1 0.525 0.3765625 0.04375 0.0609375
0 0.5984375 0.53046875 0.096875 0.2609375
1 0.1125 0.421875 0.0359375 0.046875
1 0.584375 0.3109375 0.0625 0.09375
0 0.10390625 0.53828125 0.0640625 0.1328125
0 0.2328125 0.534375 0.0609375 0.140625
1 0.93359375 0.2296875 0.1328125 0.2
0 0.93203125 0.68984375 0.134375 0.6109375