0 0.74765625 0.3171875 0.0671875 0.0828125
0 0.67578125 0.34140625 0.0671875 0.0859375
1 0.99140625 0.27734375 0.0171875 0.0359375
0 0.98046875 0.34765625 0.0390625 0.0890625
0 0.9171875 0.31875 0.065625 0.0796875
1 0.98203125 0.2984375 0.03125 0.0203125
1 0.66328125 0.27734375 0.0390625 0.040625
1 0.57109375 0.1609375 0.075 0.0578125
1 0.7390625 0.2546875 0.0453125 0.04375
0 0.30390625 0.3453125 0.2625 0.4828125
1 0.92421875 0.2546875 0.0453125 0.0390625
0 0.56875 0.3140625 0.1609375 0.19375
0 0.0796875 0.3296875 0.159375 0.534375
1 0.44921875 0.11328125 0.16875 0.196875