0 0.8640625 0.534375 0.0328125 0.084375
0 0.49921875 0.528125 0.078125 0.1171875
1 0.8609375 0.465625 0.0265625 0.0328125
1 0.96875 0.45234375 0.0296875 0.0296875
0 0.30546875 0.525 0.071875 0.128125
0 0.971875 0.53203125 0.0515625 0.096875
1 0.41875 0.49609375 0.0390625 0.053125
1 0.178125 0.440625 0.0515625 0.059375
1 0.3140625 0.4390625 0.040625 0.059375
1 0.5609375 0.428125 0.0578125 0.0703125
1 0.5125 0.440625 0.0390625 0.0515625
0 0.18125 0.53515625 0.0859375 0.140625
0 0.3875 0.5484375 0.075 0.0953125
0 0.5703125 0.5609375 0.0921875 0.171875