0 0.07421875 0.38359375 0.1359375 0.340625
0 0.21875 0.39296875 0.1671875 0.384375
1 0.0109375 0.12578125 0.021875 0.1390625
1 0.38515625 0.10078125 0.0796875 0.1390625
1 0.090625 0.04375 0.06875 0.0875
1 0.85390625 0.2546875 0.0984375 0.1453125
1 0.3109375 0.16328125 0.0828125 0.1515625
1 0.09765625 0.15703125 0.0953125 0.1625
0 0.67890625 0.61640625 0.16875 0.453125
1 0.26875 0.034375 0.059375 0.06875
1 0.2109375 0.12578125 0.0890625 0.1515625
1 0.7125 0.3078125 0.1046875 0.1625
0 0.94296875 0.640625 0.1140625 0.503125
1 0.93671875 0.2828125 0.1078125 0.1390625