0 0.846875 0.7 0.10625 0.3078125
0 0.43671875 0.371875 0.128125 0.1359375
1 0.79609375 0.0171875 0.075 0.034375
1 0.4890625 0.03359375 0.071875 0.0640625
0 0.69765625 0.7640625 0.1359375 0.3484375
1 0.18203125 0.50703125 0.0796875 0.1203125
1 0.7828125 0.36796875 0.09375 0.1109375
1 0.9484375 0.38359375 0.0953125 0.125
1 0.44140625 0.2125 0.090625 0.103125
1 0.6703125 0.51640625 0.0875 0.1359375
1 0.83828125 0.4578125 0.09375 0.128125
1 0.56796875 0.29921875 0.0875 0.1078125
1 0.20859375 0.27890625 0.0890625 0.125