0 0.9828125 0.6078125 0.034375 0.1765625
0 0.421875 0.64453125 0.0765625 0.2984375
0 0.671875 0.64296875 0.1125 0.30625
1 0.18984375 0.4296875 0.04375 0.0609375
1 0.6890625 0.425 0.078125 0.0875
0 0.52578125 0.67890625 0.1609375 0.390625
1 0.45234375 0.375 0.084375 0.084375
1 0.57421875 0.36484375 0.115625 0.1171875
1 0.82109375 0.3546875 0.103125 0.1140625
0 0.80703125 0.6625 0.1984375 0.38125
0 0.08984375 0.546875 0.084375 0.16875
1 0.29375 0.40546875 0.153125 0.16875
0 0.27265625 0.796875 0.2140625 0.40625