0 0.32109375 0.64375 0.0359375 0.053125
0 0.69609375 0.9734375 0.0546875 0.053125
0 0.60703125 0.6953125 0.075 0.0703125
1 0.35703125 0.60234375 0.0265625 0.034375
1 0.6578125 0.61328125 0.0359375 0.040625
0 0.453125 0.65390625 0.065625 0.0984375
1 0.31640625 0.60625 0.0265625 0.0265625
1 0.69453125 0.59765625 0.034375 0.034375
1 0.4671875 0.5890625 0.0453125 0.040625
1 0.759375 0.59296875 0.0390625 0.0390625
1 0.25625 0.62734375 0.0359375 0.03125
0 0.83203125 0.67109375 0.0765625 0.1171875
0 0.37890625 0.6890625 0.075 0.0875
1 0.7984375 0.5953125 0.0484375 0.04375
0 0.69140625 0.66953125 0.075 0.10625
0 0.24609375 0.6828125 0.065625 0.084375
0 0.76796875 0.65625 0.059375 0.0796875