1 0.5328125 0.7328125 0.128125 0.1296875
0 0.2390625 0.65859375 0.1265625 0.115625
0 0.834375 0.69921875 0.1109375 0.115625
1 0.225 0.9796875 0.09375 0.040625
0 0.734375 0.75859375 0.1078125 0.1375
1 0.25234375 0.4984375 0.0671875 0.059375
0 0.5328125 0.72734375 0.1234375 0.121875
1 0.23828125 0.65859375 0.1203125 0.1109375
0 0.2453125 0.56953125 0.1390625 0.0859375
1 0.82109375 0.61171875 0.0703125 0.0703125
1 0.73203125 0.6625 0.084375 0.0890625
1 0.53515625 0.634375 0.075 0.0828125
1 0.41484375 0.6765625 0.128125 0.1328125