1 0.89296875 0.2875 0.0515625 0.0515625
1 0.9359375 0.290625 0.05625 0.0484375
1 0.8546875 0.2921875 0.05625 0.0546875
1 0.546875 0.328125 0.065625 0.0609375
0 0.5609375 0.459375 0.0796875 0.16875
0 0.915625 0.4171875 0.0921875 0.18125
0 0.6890625 0.43984375 0.1140625 0.2078125
0 0.78359375 0.43515625 0.0921875 0.1828125
1 0.78515625 0.28828125 0.09375 0.0625
0 0.4796875 0.47109375 0.0984375 0.1875
1 0.48046875 0.3171875 0.0765625 0.0625
1 0.2875 0.29296875 0.0515625 0.0390625
1 0.66953125 0.25859375 0.09375 0.0703125