1 0.425 0.34921875 0.01875 0.0265625
1 0.8640625 0.7203125 0.0125 0.015625
1 0.884375 0.71796875 0.015625 0.0203125
0 0.6078125 0.81328125 0.034375 0.0640625
1 0.75390625 0.625 0.0171875 0.025
1 0.8203125 0.6921875 0.01875 0.021875
1 0.4046875 0.3515625 0.015625 0.01875
1 0.7796875 0.63515625 0.015625 0.0234375
1 0.5484375 0.2484375 0.015625 0.021875
1 0.61875 0.23671875 0.01875 0.0171875
0 0.553125 0.28671875 0.025 0.0578125
1 0.59296875 0.75859375 0.0171875 0.0203125
1 0.5890625 0.2453125 0.015625 0.021875
1 0.43125 0.31953125 0.01875 0.0203125
1 0.61328125 0.76328125 0.0203125 0.0234375
0 0.415625 0.40078125 0.03125 0.0734375
0 0.615625 0.28125 0.025 0.053125
1 0.2703125 0.7375 0.046875 0.05
0 0.584375 0.28125 0.025 0.05
1 0.8859375 0.23359375 0.109375 0.0984375
1 0.21484375 0.7125 0.0515625 0.05
1 0.47109375 0.27890625 0.0203125 0.0203125
0 0.16328125 0.8109375 0.1015625 0.175
0 0.4703125 0.32109375 0.034375 0.0546875
0 0.47421875 0.7375 0.0609375 0.1125