0 0.5953125 0.19609375 0.1609375 0.1859375
0 0.84921875 0.19921875 0.140625 0.1921875
0 0.60625 0.53359375 0.1578125 0.1640625
0 0.63359375 0.81015625 0.128125 0.16875
1 0.4078125 0.684375 0.071875 0.0484375
1 0.44140625 0.38203125 0.090625 0.065625
1 0.2125 0.70703125 0.0734375 0.053125
1 0.77265625 0.66875 0.071875 0.053125
1 0.43671875 0.06484375 0.08125 0.0546875
1 0.59921875 0.03203125 0.0796875 0.0546875
1 0.1171875 0.37265625 0.0921875 0.0625
1 0.28125 0.03828125 0.0765625 0.053125
1 0.096875 0.68671875 0.071875 0.0546875
1 0.29921875 0.65390625 0.071875 0.0484375
1 0.815625 0.03125 0.0796875 0.0546875
1 0.85078125 0.66328125 0.08125 0.0546875
1 0.80546875 0.36171875 0.0953125 0.0625
1 0.625 0.66328125 0.0703125 0.0484375
1 0.51328125 0.6765625 0.078125 0.0515625
1 0.1203125 0.0625 0.0828125 0.059375
1 0.71953125 0.09140625 0.078125 0.05625
1 0.64453125 0.37578125 0.09375 0.06875
1 0.328125 0.33125 0.0921875 0.065625