1 0.4625 0.16484375 0.0265625 0.075
1 0.19765625 0.1859375 0.046875 0.1125
1 0.29765625 0.246875 0.034375 0.09375
1 0.715625 0.16875 0.028125 0.0671875
1 0.7375 0.2078125 0.034375 0.0859375
1 0.8015625 0.18828125 0.034375 0.0921875
1 0.3984375 0.1265625 0.03125 0.071875
0 0.35703125 0.48515625 0.0640625 0.3734375
1 0.22734375 0.1625 0.034375 0.09375
1 0.15703125 0.10546875 0.0359375 0.0859375
1 0.83203125 0.13984375 0.0296875 0.0796875
1 0.35859375 0.18984375 0.0359375 0.0953125
1 0.6046875 0.17578125 0.03125 0.0671875
0 0.67109375 0.46640625 0.059375 0.346875
0 0.60625 0.4328125 0.0625 0.29375
1 0.5578125 0.1375 0.0296875 0.0875
1 0.31484375 0.13984375 0.034375 0.0921875
0 0.51796875 0.396875 0.059375 0.309375
1 0.865625 0.15546875 0.0421875 0.09375
1 0.26328125 0.16171875 0.0390625 0.0953125
1 0.51796875 0.1421875 0.0328125 0.0890625
1 0.67109375 0.20234375 0.03125 0.084375
1 0.66484375 0.09765625 0.028125 0.065625
0 0.190625 0.5359375 0.0859375 0.4125
1 0.059375 0.14296875 0.053125 0.1140625
0 0.06171875 0.5375 0.1234375 0.490625
1 0.434375 0.16875 0.03125 0.090625
1 0.93671875 0.159375 0.046875 0.1140625
1 0.12890625 0.1625 0.046875 0.1171875
0 0.9421875 0.509375 0.103125 0.3953125
0 0.30234375 0.5546875 0.0765625 0.3578125
0 0.434375 0.45 0.0828125 0.3546875
0 0.740625 0.4734375 0.0734375 0.334375
0 0.85859375 0.4796875 0.0640625 0.4015625