0 0.15234375 0.7078125 0.26875 0.5734375
1 0.234375 0.171875 0.134375 0.1484375
1 0.3234375 0.32265625 0.1171875 0.1203125
1 0.1671875 0.240625 0.153125 0.175
1 0.76328125 0.25703125 0.109375 0.175
1 0.67265625 0.28984375 0.1375 0.1640625
1 0.89453125 0.2265625 0.1609375 0.18125
1 0.521875 0.30859375 0.184375 0.1921875
0 0.50234375 0.76171875 0.259375 0.4765625
0 0.65625 0.7265625 0.140625 0.546875
0 0.86328125 0.66171875 0.1390625 0.5796875
0 0.29765625 0.6390625 0.14375 0.3984375
1 0.64296875 0.21953125 0.140625 0.165625
1 0.0890625 0.2984375 0.0796875 0.10625