1 0.80859375 0.3671875 0.0140625 0.0140625
0 0.24921875 0.46171875 0.03125 0.0640625
0 0.609375 0.21171875 0.025 0.0484375
1 0.30078125 0.46953125 0.01875 0.0234375
1 0.81328125 0.31640625 0.01875 0.0203125
0 0.81328125 0.4078125 0.021875 0.053125
1 0.76015625 0.28203125 0.015625 0.015625
1 0.8546875 0.89609375 0.0140625 0.01875
1 0.746875 0.434375 0.015625 0.0203125
0 0.53515625 0.68359375 0.03125 0.059375
0 0.2671875 0.55546875 0.0484375 0.0703125
1 0.2484375 0.3734375 0.0203125 0.0234375
1 0.171875 0.17734375 0.0203125 0.025
1 0.86875 0.65546875 0.021875 0.0234375
0 0.7671875 0.31796875 0.0234375 0.046875
1 0.80078125 0.79375 0.021875 0.0234375
0 0.47265625 0.4421875 0.03125 0.05625
1 0.26484375 0.496875 0.021875 0.0296875
1 0.4140625 0.584375 0.0234375 0.028125
1 0.178125 0.34609375 0.021875 0.0234375
0 0.415625 0.6265625 0.0484375 0.05
1 0.52109375 0.64140625 0.0203125 0.0203125
1 0.2546875 0.4125 0.021875 0.0265625
0 0.96953125 0.54765625 0.046875 0.0828125
0 0.5015625 0.553125 0.0375 0.0828125
0 0.60390625 0.2109375 0.04375 0.078125
0 0.60546875 0.1796875 0.003125 0.01875