1 0.0890625 0.45546875 0.0390625 0.0296875
1 0.6421875 0.43984375 0.053125 0.03125
1 0.6984375 0.4359375 0.040625 0.034375
1 0.39453125 0.44453125 0.04375 0.03125
0 0.38203125 0.51796875 0.0765625 0.096875
1 0.49375 0.43359375 0.065625 0.04375
0 0.64921875 0.515625 0.0671875 0.1015625
1 0.12734375 0.4375 0.0625 0.046875
0 0.70546875 0.5015625 0.059375 0.078125
1 0.27734375 0.42734375 0.05625 0.040625
0 0.12265625 0.540625 0.096875 0.1328125
0 0.26953125 0.51484375 0.0828125 0.1140625
0 0.5109375 0.525 0.09375 0.125