1 0.1671875 0.36328125 0.021875 0.0546875
1 0.84453125 0.26953125 0.015625 0.025
0 0.93984375 0.353125 0.021875 0.05625
0 0.81484375 0.3625 0.0234375 0.0796875
1 0.1921875 0.35546875 0.021875 0.0390625
0 0.84375 0.33203125 0.0265625 0.0875
1 0.484375 0.384375 0.0234375 0.0453125
1 0.940625 0.30703125 0.0140625 0.0234375
1 0.6453125 0.334375 0.0203125 0.028125
1 0.86484375 0.25234375 0.01875 0.028125
1 0.015625 0.159375 0.03125 0.065625
1 0.3125 0.415625 0.04375 0.0828125
0 0.08671875 0.80078125 0.165625 0.3796875
1 0.89609375 0.6046875 0.2078125 0.4046875
1 0.09609375 0.4671875 0.090625 0.153125
1 0.38671875 0.44765625 0.121875 0.2140625