1 0.7953125 0.3015625 0.084375 0.04375
1 0.91875 0.3484375 0.071875 0.040625
0 0.95859375 0.415625 0.0796875 0.10625
0 0.078125 0.23359375 0.1125 0.1109375
1 0.671875 0.7453125 0.08125 0.046875
1 0.94375 0.61953125 0.078125 0.0515625
0 0.19296875 0.253125 0.0984375 0.115625
0 0.60546875 0.8703125 0.2109375 0.1625
1 0.20390625 0.165625 0.0578125 0.03125
0 0.91171875 0.721875 0.1703125 0.15
0 0.8171875 0.4015625 0.190625 0.128125
1 0.11796875 0.1546875 0.0578125 0.034375
1 0.2203125 0.63828125 0.178125 0.1015625
0 0.18359375 0.8765625 0.3015625 0.246875
1 0.50234375 0.55703125 0.3015625 0.2546875