0 0.26875 0.63671875 0.05625 0.1234375
0 0.06640625 0.50078125 0.0609375 0.1265625
1 0.859375 0.58046875 0.04375 0.0546875
0 0.12734375 0.484375 0.0609375 0.125
0 0.33046875 0.46640625 0.0578125 0.1171875
0 0.1765625 0.66640625 0.090625 0.1703125
0 0.0953125 0.68046875 0.0625 0.1515625
0 0.409375 0.47109375 0.05625 0.1171875
0 0.91953125 0.4 0.0640625 0.18125
1 0.640625 0.40390625 0.053125 0.0484375
0 0.26640625 0.35859375 0.0703125 0.1015625
0 0.36796875 0.3796875 0.0765625 0.090625
0 0.32578125 0.63984375 0.0703125 0.1203125
0 0.46484375 0.615625 0.0359375 0.1
0 0.5125 0.61640625 0.046875 0.0921875