0 0.47265625 0.534375 0.059375 0.1828125
0 0.515625 0.49375 0.053125 0.171875
0 0.578125 0.5078125 0.0453125 0.1359375
1 0.52265625 0.346875 0.0390625 0.0546875
1 0.47578125 0.37890625 0.04375 0.059375
1 0.76484375 0.4140625 0.0296875 0.0375
1 0.5765625 0.3953125 0.03125 0.0359375
0 0.4078125 0.53203125 0.090625 0.25
1 0.8875 0.42109375 0.034375 0.0453125
0 0.76875 0.534375 0.0625 0.140625
1 0.415625 0.31171875 0.0625 0.0921875
0 0.89375 0.53828125 0.0640625 0.1328125
1 0.06875 0.2328125 0.1375 0.203125
0 0.071875 0.68828125 0.14375 0.6015625