1 0.11171875 0.146875 0.1 0.0984375
0 0.82265625 0.58984375 0.178125 0.2734375
1 0.8859375 0.0234375 0.1125 0.046875
1 0.64453125 0.31953125 0.1 0.103125
1 0.0328125 0.3171875 0.065625 0.11875
1 0.13125 0.221875 0.1078125 0.103125
1 0.253125 0.05703125 0.096875 0.103125
1 0.21015625 0.63671875 0.1125 0.1390625
1 0.82265625 0.36875 0.1234375 0.1484375
1 0.58125 0.13125 0.1046875 0.11875
1 0.13359375 0.38671875 0.1203125 0.134375
1 0.65859375 0.60859375 0.128125 0.1453125
1 0.28203125 0.52578125 0.1234375 0.1453125
1 0.28359375 0.28359375 0.096875 0.1234375