1 0.39765625 0.36875 0.0703125 0.0609375
1 0.9109375 0.38203125 0.0671875 0.0578125
0 0.38671875 0.5375 0.1109375 0.2390625
1 0.509375 0.33046875 0.0828125 0.0640625
1 0.12734375 0.353125 0.0828125 0.0671875
1 0.6453125 0.3703125 0.0796875 0.0625
0 0.85703125 0.54453125 0.1765625 0.2671875
1 0.26953125 0.3546875 0.071875 0.0609375
0 0.13671875 0.50390625 0.1390625 0.2046875
0 0.5 0.52890625 0.159375 0.2734375
0 0.65390625 0.5609375 0.153125 0.2671875
0 0.2765625 0.5015625 0.134375 0.190625
1 0.859375 0.36484375 0.06875 0.0703125