1 0.81796875 0.54140625 0.0265625 0.0515625
1 0.2296875 0.49296875 0.025 0.0265625
1 0.134375 0.7203125 0.0296875 0.03125
1 0.98515625 0.5046875 0.0265625 0.046875
0 0.15625 0.8359375 0.0484375 0.1125
0 0.86171875 0.7578125 0.0546875 0.1203125
0 0.91328125 0.471875 0.05 0.096875
1 0.88125 0.30859375 0.028125 0.0421875
1 0.14375 0.75078125 0.0328125 0.04375
1 0.009375 0.48046875 0.0171875 0.0375
1 0.56328125 0.44296875 0.0390625 0.04375
1 0.92265625 0.39296875 0.028125 0.0328125
1 0.84296875 0.66875 0.04375 0.05
0 0.571875 0.55625 0.059375 0.1609375
1 0.98359375 0.30703125 0.028125 0.0375
1 0.80546875 0.78984375 0.040625 0.0578125
1 0.90546875 0.321875 0.0359375 0.0484375