1 0.66796875 0.42265625 0.0390625 0.03125
1 0.37890625 0.41796875 0.040625 0.0265625
0 0.48046875 0.51953125 0.0921875 0.1234375
1 0.09765625 0.409375 0.0515625 0.034375
1 0.1515625 0.40390625 0.04375 0.03125
1 0.2828125 0.3953125 0.0515625 0.034375
0 0.67890625 0.5046875 0.0453125 0.084375
0 0.88828125 0.5265625 0.2140625 0.2859375
1 0.48203125 0.4171875 0.0515625 0.0390625
0 0.6046875 0.52421875 0.1078125 0.146875
1 0.03984375 0.38828125 0.0703125 0.0484375
0 0.2875 0.51328125 0.09375 0.125
0 0.05625 0.5265625 0.1125 0.14375
1 0.6046875 0.38671875 0.065625 0.046875
1 0.8546875 0.275 0.1703125 0.115625