0 0.95 0.70078125 0.09375 0.24375
1 0.52890625 0.58515625 0.0578125 0.0921875
1 0.73046875 0.0625 0.0875 0.125
0 0.84765625 0.38828125 0.1546875 0.2375
0 0.5453125 0.8421875 0.103125 0.303125
0 0.70625 0.32890625 0.1484375 0.3296875
1 0.44609375 0.0625 0.109375 0.125
1 0.4234375 0.54921875 0.0703125 0.0859375
1 0.81328125 0.11171875 0.103125 0.171875
1 0.90390625 0.58203125 0.0609375 0.1390625
0 0.45625 0.36484375 0.165625 0.2703125
1 0.16875 0.1609375 0.1390625 0.296875
0 0.14453125 0.55234375 0.2234375 0.5