1 0.74453125 0.221875 0.09375 0.0703125
1 0.6640625 0.1953125 0.103125 0.071875
0 0.15546875 0.86015625 0.3109375 0.2796875
1 0.39296875 0.253125 0.1296875 0.1078125
1 0.29140625 0.553125 0.1734375 0.1109375
1 0.78671875 0.278125 0.0984375 0.0765625
1 0.69296875 0.5578125 0.1421875 0.1015625
1 0.85546875 0.23359375 0.1109375 0.0765625
1 0.66640625 0.28671875 0.134375 0.0765625
1 0.8046875 0.6796875 0.134375 0.1078125
1 0.90859375 0.1796875 0.103125 0.0671875
1 0.3890625 0.63984375 0.15625 0.10625
1 0.96015625 0.6421875 0.0796875 0.1109375
1 0.6109375 0.69765625 0.1734375 0.115625
1 0.146875 0.62421875 0.178125 0.1203125
1 0.51796875 0.24453125 0.1203125 0.125
1 0.96015625 0.2640625 0.0796875 0.103125
1 0.15078125 0.24375 0.096875 0.0765625
1 0.096875 0.284375 0.0640625 0.046875
1 0.23046875 0.2828125 0.08125 0.0953125
1 0.290625 0.26875 0.084375 0.09375