0 0.25234375 0.5953125 0.1265625 0.30625
0 0.878125 0.66640625 0.15 0.3390625
1 0.7671875 0.36328125 0.0796875 0.071875
0 0.5203125 0.675 0.1671875 0.3328125
1 0.6578125 0.35546875 0.0734375 0.065625
1 0.934375 0.36875 0.0734375 0.09375
1 0.34921875 0.33359375 0.071875 0.0765625
1 0.08359375 0.2953125 0.109375 0.109375
1 0.22734375 0.325 0.084375 0.0828125
1 0.87421875 0.37421875 0.090625 0.09375
0 0.09453125 0.5875 0.1890625 0.334375
1 0.534375 0.36796875 0.084375 0.0625
1 0.70859375 0.396875 0.0484375 0.0734375
1 0.59375 0.36640625 0.04375 0.0609375