1 0.3015625 0.13046875 0.04375 0.0453125
1 0.63359375 0.22734375 0.0734375 0.0671875
1 0.7015625 0.18984375 0.0828125 0.0828125
1 0.553125 0.23984375 0.0671875 0.0578125
1 0.53671875 0.1546875 0.0671875 0.0625
1 0.18515625 0.1484375 0.05 0.05
1 0.80859375 0.225 0.096875 0.078125
0 0.8015625 0.50234375 0.184375 0.3265625
0 0.17890625 0.27578125 0.084375 0.1375
0 0.22265625 0.29609375 0.065625 0.134375
0 0.65859375 0.42890625 0.0734375 0.2921875
0 0.30625 0.3421875 0.0859375 0.184375
0 0.421875 0.34453125 0.08125 0.234375
1 0.23046875 0.16640625 0.053125 0.046875
1 0.26953125 0.19765625 0.0578125 0.04375
1 0.32109375 0.1875 0.0546875 0.053125
1 0.36796875 0.15859375 0.0625 0.05625
1 0.44453125 0.1640625 0.065625 0.0921875
1 0.49375 0.17578125 0.0515625 0.05