0 0.30703125 0.76171875 0.1890625 0.4234375
1 0.06953125 0.07421875 0.1015625 0.1046875
1 0.18984375 0.04609375 0.1046875 0.0890625
1 0.421875 0.0453125 0.084375 0.0875
1 0.5265625 0.17421875 0.096875 0.1171875
1 0.08125 0.3015625 0.159375 0.159375
1 0.71015625 0.03046875 0.0890625 0.0578125
1 0.38046875 0.10546875 0.1140625 0.1265625
1 0.33671875 0.328125 0.1484375 0.1625
1 0.93046875 0.02421875 0.0890625 0.0453125
0 0.08828125 0.75078125 0.1734375 0.4921875
0 0.91796875 0.3390625 0.1640625 0.390625
1 0.19453125 0.33046875 0.1015625 0.1453125
0 0.56171875 0.8234375 0.2796875 0.353125