1 0.34140625 0.3453125 0.0484375 0.0625
0 0.4359375 0.58984375 0.090625 0.328125
0 0.34140625 0.57109375 0.0859375 0.265625
1 0.4375 0.3453125 0.0421875 0.0625
1 0.52265625 0.3765625 0.04375 0.0625
1 0.6828125 0.3515625 0.04375 0.0625
1 0.2484375 0.33671875 0.0484375 0.06875
1 0.59140625 0.32734375 0.0421875 0.0625
0 0.59921875 0.57421875 0.096875 0.296875
1 0.85859375 0.28984375 0.0515625 0.075
0 0.2390625 0.55234375 0.0875 0.265625
1 0.7578125 0.31796875 0.0421875 0.0546875
0 0.76640625 0.53671875 0.090625 0.259375
1 0.15703125 0.25 0.0578125 0.08125
0 0.8703125 0.509375 0.0875 0.265625
0 0.14765625 0.484375 0.103125 0.278125