1 0.8125 0.165625 0.01875 0.046875
1 0.29765625 0.28828125 0.0125 0.03125
0 0.3078125 0.37109375 0.0203125 0.0734375
0 0.346875 0.33828125 0.0203125 0.0625
1 0.3828125 0.30546875 0.01875 0.05
0 0.4359375 0.34453125 0.0203125 0.0734375
1 0.54375 0.2734375 0.0140625 0.03125
1 0.20546875 0.20390625 0.0171875 0.0453125
0 0.47421875 0.35390625 0.0234375 0.0921875
1 0.4390625 0.28828125 0.0125 0.03125
1 0.33984375 0.28046875 0.015625 0.0390625
1 0.4765625 0.2765625 0.0140625 0.03125
1 0.5796875 0.159375 0.0203125 0.0421875
1 0.1734375 0.29609375 0.015625 0.0390625
1 0.40859375 0.33828125 0.01875 0.0390625
1 0.56328125 0.315625 0.015625 0.046875
0 0.409375 0.4328125 0.03125 0.1265625
1 0.48984375 0.65 0.059375 0.1609375
1 0.4921875 0.5078125 0.040625 0.1