0 0.2953125 0.48359375 0.0421875 0.090625
0 0.69609375 0.371875 0.115625 0.21875
0 0.10078125 0.49296875 0.0390625 0.0703125
0 0.028125 0.48515625 0.0359375 0.0734375
1 0.1046875 0.428125 0.0203125 0.021875
0 0.34921875 0.4375 0.065625 0.14375
1 0.35234375 0.3140625 0.0375 0.0328125
1 0.71171875 0.17734375 0.0703125 0.065625
0 0.58203125 0.3640625 0.090625 0.26875
1 0.50390625 0.0515625 0.0828125 0.08125
0 0.48515625 0.3203125 0.121875 0.290625
1 0.571875 0.1140625 0.078125 0.071875
0 0.215625 0.4203125 0.075 0.1453125
1 0.2234375 0.28671875 0.04375 0.0421875