1 0.4 0.47734375 0.040625 0.0359375
0 0.2671875 0.4375 0.0578125 0.0828125
1 0.88359375 0.39765625 0.0359375 0.03125
1 0.41015625 0.37890625 0.03125 0.0359375
1 0.19375 0.36875 0.040625 0.03125
1 0.12734375 0.37265625 0.0484375 0.0390625
0 0.57109375 0.43359375 0.0703125 0.075
1 0.321875 0.375 0.0390625 0.034375
0 0.78125 0.46875 0.0875 0.1109375
1 0.5203125 0.43515625 0.0359375 0.0390625
0 0.46171875 0.4796875 0.0765625 0.1078125
1 0.0625 0.3578125 0.0625 0.0484375
1 0.271875 0.3703125 0.0390625 0.034375
1 0.6296875 0.4 0.053125 0.0453125
0 0.88203125 0.48671875 0.0875 0.1078125
1 0.43359375 0.396875 0.0515625 0.0390625
1 0.57421875 0.38125 0.0390625 0.040625
1 0.76171875 0.390625 0.053125 0.0453125
1 0.85234375 0.40390625 0.0515625 0.0390625
0 0.665625 0.47734375 0.090625 0.1140625
0 0.071875 0.4859375 0.125 0.1546875