1 0.4484375 0.13515625 0.103125 0.1015625
1 0.5921875 0.21328125 0.0875 0.128125
1 0.30546875 0.2109375 0.1171875 0.11875
1 0.7828125 0.26953125 0.1171875 0.140625
1 0.684375 0.18515625 0.1125 0.15
1 0.8359375 0.125 0.10625 0.096875
1 0.034375 0.03828125 0.06875 0.0765625
1 0.92890625 0.2515625 0.13125 0.15625
1 0.59609375 0.05390625 0.0875 0.0796875
1 0.09921875 0.13125 0.1046875 0.11875
1 0.37265625 0.0421875 0.1 0.084375
1 0.2171875 0.084375 0.103125 0.115625
1 0.5234375 0.08359375 0.0828125 0.096875