1 0.16484375 0.18359375 0.0328125 0.0453125
1 0.40078125 0.17265625 0.053125 0.0796875
1 0.24296875 0.25703125 0.0609375 0.06875
1 0.8109375 0.22421875 0.0609375 0.0703125
1 0.478125 0.15703125 0.0671875 0.0828125
1 0.56875 0.21640625 0.065625 0.0875
1 0.89609375 0.28125 0.075 0.1046875
1 0.3390625 0.16953125 0.084375 0.1078125
1 0.69453125 0.17265625 0.103125 0.1140625
1 0.0828125 0.1875 0.0359375 0.0515625
1 0.21953125 0.21015625 0.0296875 0.059375
1 0.28046875 0.21796875 0.0375 0.05625
1 0.0484375 0.21015625 0.0125 0.0265625