0 0.48203125 0.340625 0.0796875 0.178125
1 0.66328125 0.640625 0.015625 0.0328125
0 0.01875 0.86171875 0.0359375 0.190625
0 0.97890625 0.7125 0.0421875 0.1453125
0 0.50859375 0.88515625 0.0765625 0.1796875
1 0.5984375 0.65390625 0.0234375 0.0484375
0 0.14296875 0.10234375 0.059375 0.1828125
1 0.62734375 0.6453125 0.025 0.05
1 0.48046875 0.7640625 0.0390625 0.059375
1 0.5765625 0.771875 0.046875 0.0640625
1 0.47578125 0.20703125 0.04375 0.0671875
0 0.6203125 0.746875 0.053125 0.134375
0 0.58671875 0.92265625 0.08125 0.1546875
1 0.98359375 0.5921875 0.03125 0.0484375
1 0.109375 0.53671875 0.0484375 0.059375
0 0.83515625 0.6890625 0.059375 0.165625
1 0.83046875 0.5609375 0.0328125 0.0625