1 0.3953125 0.2625 0.065625 0.096875
1 0.57578125 0.3234375 0.05 0.06875
1 0.62421875 0.29375 0.0453125 0.0609375
1 0.30546875 0.0984375 0.0921875 0.09375
1 0.4953125 0.23828125 0.0640625 0.0828125
1 0.1546875 0.2296875 0.1046875 0.115625
1 0.5578125 0.24453125 0.0515625 0.0640625
1 0.65546875 0.35078125 0.0546875 0.071875
1 0.7171875 0.31484375 0.0546875 0.0671875
0 0.48984375 0.49921875 0.1140625 0.29375
1 0.784375 0.35390625 0.0546875 0.0609375
0 0.71875 0.5140625 0.1109375 0.2265625
0 0.30390625 0.48125 0.184375 0.440625
0 0.140625 0.66171875 0.221875 0.5078125