1 0.46171875 0.15703125 0.0703125 0.0578125
1 0.44296875 0.23984375 0.0671875 0.0578125
1 0.6953125 0.128125 0.05 0.0421875
1 0.36484375 0.225 0.0703125 0.0625
1 0.81171875 0.1484375 0.04375 0.05
1 0.3015625 0.18828125 0.084375 0.078125
1 0.18828125 0.225 0.096875 0.078125
0 0.2 0.50390625 0.1796875 0.3234375
0 0.30859375 0.46015625 0.1671875 0.353125
0 0.825 0.26640625 0.0984375 0.1625
0 0.7734375 0.2875 0.0796875 0.1875
0 0.70234375 0.3265625 0.1015625 0.2296875
0 0.61796875 0.3171875 0.1171875 0.240625
0 0.56796875 0.3515625 0.1140625 0.2640625
0 0.3921875 0.4296875 0.128125 0.29375
1 0.63125 0.14609375 0.078125 0.0640625
1 0.56171875 0.13359375 0.0546875 0.053125
1 0.7703125 0.16328125 0.0375 0.0453125
1 0.5421875 0.18046875 0.0625 0.0484375
1 0.73125 0.20078125 0.059375 0.0453125