0 0.47890625 0.18515625 0.0203125 0.0453125
1 0.47734375 0.146875 0.0125 0.01875
1 0.503125 0.13671875 0.01875 0.0265625
1 0.96796875 0.1890625 0.0203125 0.0265625
0 0.51875 0.19921875 0.0265625 0.0734375
1 0.51875 0.153125 0.015625 0.0203125
1 0.7859375 0.346875 0.0296875 0.046875
0 0.3203125 0.24453125 0.0953125 0.1921875
0 0.83828125 0.3890625 0.078125 0.1078125
0 0.1421875 0.30234375 0.1546875 0.325
1 0.1828125 0.0609375 0.1 0.1125
1 0.3125 0.09609375 0.05 0.0640625
0 0.71796875 0.27734375 0.121875 0.2234375
1 0.71640625 0.09140625 0.06875 0.0828125