1 0.14609375 0.25703125 0.0203125 0.0265625
1 0.2 0.83828125 0.0953125 0.115625
1 0.53125 0.38828125 0.034375 0.0359375
1 0.7140625 0.23125 0.0171875 0.0265625
1 0.95703125 0.39296875 0.034375 0.05
1 0.19375 0.53125 0.0609375 0.0859375
1 0.8234375 0.32109375 0.0359375 0.0421875
1 0.98359375 0.40234375 0.0328125 0.0421875
1 0.47109375 0.35234375 0.034375 0.0390625
1 0.35546875 0.58203125 0.08125 0.1
1 0.28515625 0.31328125 0.0296875 0.034375
1 0.790625 0.3109375 0.0296875 0.0421875
1 0.7234375 0.41796875 0.046875 0.05625