1 0.6578125 0.19765625 0.0921875 0.0609375
1 0.74375 0.221875 0.096875 0.0765625
1 0.3921875 0.25390625 0.1359375 0.1
1 0.165625 0.24609375 0.125 0.084375
1 0.2921875 0.55390625 0.16875 0.1
1 0.2640625 0.2859375 0.153125 0.1
0 0.15234375 0.86171875 0.3046875 0.2765625
1 0.69375 0.55390625 0.125 0.0921875
1 0.7859375 0.278125 0.0921875 0.06875
1 0.9078125 0.178125 0.096875 0.0609375
1 0.85390625 0.234375 0.1078125 0.0765625
1 0.81015625 0.6796875 0.1328125 0.096875
1 0.66796875 0.28828125 0.1359375 0.0796875
1 0.3859375 0.63828125 0.1484375 0.1078125
1 0.61015625 0.69765625 0.1640625 0.1078125
1 0.5203125 0.24375 0.1203125 0.1203125
1 0.14375 0.621875 0.1765625 0.115625
1 0.96171875 0.6421875 0.0765625 0.1078125
1 0.96015625 0.26171875 0.0796875 0.0921875