1 0.58984375 0.40390625 0.03125 0.0296875
0 0.58671875 0.4421875 0.0578125 0.0671875
1 0.09140625 0.4734375 0.034375 0.034375
0 0.65234375 0.5484375 0.075 0.0875
0 0.52734375 0.44921875 0.05625 0.071875
1 0.7984375 0.4578125 0.0390625 0.0359375
0 0.140625 0.5296875 0.0515625 0.059375
1 0.759375 0.48203125 0.034375 0.0359375
1 0.14453125 0.484375 0.0390625 0.03125
0 0.38203125 0.50703125 0.0578125 0.0921875
1 0.53359375 0.396875 0.0390625 0.034375
1 0.3953125 0.44921875 0.0359375 0.0296875
1 0.46015625 0.4578125 0.0453125 0.0359375
1 0.65625 0.4890625 0.0390625 0.0359375
0 0.46171875 0.5328125 0.0875 0.1078125