1 0.1484375 0.34375 0.053125 0.0484375
1 0.45234375 0.303125 0.0421875 0.0375
1 0.59765625 0.403125 0.0703125 0.0828125
1 0.828125 0.3265625 0.0328125 0.0359375
1 0.6609375 0.32421875 0.0328125 0.034375
1 0.8953125 0.40625 0.0765625 0.0671875
1 0.75078125 0.41484375 0.075 0.06875
0 0.65703125 0.39453125 0.0484375 0.084375
0 0.88515625 0.571875 0.121875 0.2
0 0.96875 0.5203125 0.0625 0.2078125
1 0.2625 0.3765625 0.059375 0.0625
1 0.965625 0.3546875 0.0671875 0.0671875
1 0.10390625 0.36953125 0.065625 0.0796875
0 0.740625 0.57578125 0.109375 0.1921875
1 0.41953125 0.38828125 0.065625 0.0703125
0 0.11796875 0.51875 0.1109375 0.19375
0 0.59296875 0.5671875 0.125 0.2140625
0 0.42890625 0.53984375 0.1046875 0.190625
0 0.2671875 0.54453125 0.1109375 0.196875