1 0.11640625 0.39921875 0.03125 0.0296875
1 0.6 0.47578125 0.040625 0.0390625
1 0.678125 0.375 0.034375 0.0296875
1 0.87109375 0.37265625 0.0453125 0.0328125
1 0.52265625 0.38125 0.0359375 0.03125
1 0.80625 0.37109375 0.040625 0.03125
0 0.43046875 0.43515625 0.0671875 0.0765625
1 0.9375 0.3578125 0.0578125 0.04375
1 0.36875 0.39765625 0.0609375 0.0453125
1 0.59140625 0.37734375 0.034375 0.0328125
1 0.4796875 0.4375 0.0359375 0.0390625
0 0.2171875 0.4703125 0.084375 0.1140625
0 0.540625 0.47578125 0.0765625 0.10625
1 0.7296875 0.3703125 0.040625 0.034375
1 0.4265625 0.38125 0.040625 0.0359375
1 0.240625 0.390625 0.0578125 0.0453125
1 0.56484375 0.3953125 0.0484375 0.0359375
1 0.14765625 0.40390625 0.0453125 0.0390625
0 0.12109375 0.48671875 0.084375 0.1078125
0 0.3328125 0.478125 0.09375 0.1109375
0 0.93046875 0.48828125 0.1203125 0.159375