0 0.1953125 0.48125 0.0703125 0.1578125
0 0.36328125 0.46484375 0.0703125 0.146875
1 0.653125 0.3640625 0.0515625 0.065625
1 0.4984375 0.35625 0.0625 0.08125
0 0.62421875 0.45625 0.0875 0.153125
1 0.19140625 0.35859375 0.0484375 0.0546875
1 0.1109375 0.35859375 0.0546875 0.065625
1 0.36328125 0.35078125 0.0484375 0.0609375
1 0.76640625 0.43515625 0.0375 0.065625
1 0.83125 0.3921875 0.05625 0.0765625
1 0.9046875 0.3875 0.05625 0.0734375
0 0.48203125 0.4671875 0.090625 0.15625
0 0.840625 0.48671875 0.0609375 0.121875
0 0.91640625 0.50703125 0.065625 0.1421875