1 0.18671875 0.41640625 0.0265625 0.0484375
1 0.6234375 0.3453125 0.059375 0.084375
0 0.11484375 0.58046875 0.0828125 0.1734375
0 0.23515625 0.51796875 0.04375 0.13125
0 0.28984375 0.5296875 0.0671875 0.190625
1 0.69296875 0.36015625 0.046875 0.065625
1 0.28828125 0.3984375 0.04375 0.059375
1 0.76015625 0.35703125 0.040625 0.059375
1 0.1546875 0.4078125 0.0234375 0.040625
1 0.81015625 0.5234375 0.046875 0.071875
0 0.775 0.6640625 0.0703125 0.196875
1 0.5296875 0.33046875 0.059375 0.0890625
1 0.23359375 0.4140625 0.034375 0.0546875
1 0.38203125 0.36640625 0.084375 0.125