1 0.575 0.31875 0.08125 0.1140625
0 0.78125 0.60703125 0.1640625 0.309375
0 0.5734375 0.5296875 0.1640625 0.3578125
1 0.8046875 0.36015625 0.096875 0.1140625
0 0.1953125 0.65390625 0.390625 0.6671875
1 0.8953125 0.36171875 0.03125 0.0328125
1 0.94296875 0.384375 0.0234375 0.04375
1 0.953125 0.68984375 0.0484375 0.0625
1 0.50859375 0.31875 0.0375 0.059375
0 0.7390625 0.4 0.0546875 0.0796875
0 0.884375 0.415625 0.034375 0.1015625
0 0.94296875 0.7734375 0.0484375 0.1234375
0 0.0609375 0.21796875 0.0734375 0.1
1 0.32421875 0.240625 0.2515625 0.3890625