0 0.7421875 0.30859375 0.065625 0.1484375
0 0.6875 0.4453125 0.1015625 0.1921875
0 0.40390625 0.64453125 0.0796875 0.1859375
0 0.59609375 0.671875 0.0953125 0.2078125
1 0.59609375 0.51875 0.0734375 0.0875
0 0.309375 0.325 0.0875 0.159375
0 0.86015625 0.31953125 0.0984375 0.1703125
1 0.77109375 0.2046875 0.0515625 0.0828125
1 0.31484375 0.19921875 0.046875 0.0609375
1 0.8765625 0.2078125 0.0515625 0.065625
1 0.7 0.325 0.046875 0.0703125
1 0.378125 0.50546875 0.0515625 0.071875
1 0.42734375 0.4671875 0.0546875 0.0828125
1 0.27109375 0.434375 0.0625 0.0703125
0 0.24921875 0.55703125 0.084375 0.175