0 0.73984375 0.50625 0.0875 0.2390625
0 0.1296875 0.565625 0.065625 0.2265625
1 0.81328125 0.29453125 0.0609375 0.0890625
1 0.5265625 0.3453125 0.0671875 0.084375
1 0.65703125 0.35703125 0.053125 0.084375
0 0.5265625 0.5359375 0.1078125 0.2859375
0 0.36015625 0.54765625 0.09375 0.25
1 0.1265625 0.38671875 0.053125 0.084375
1 0.725 0.31875 0.0640625 0.078125
0 0.8796875 0.4703125 0.0609375 0.2265625
1 0.41640625 0.35390625 0.053125 0.078125
0 0.06328125 0.57421875 0.0734375 0.2328125
1 0.975 0.26171875 0.05 0.084375
1 0.871875 0.29765625 0.05 0.084375
1 0.36015625 0.36640625 0.053125 0.0890625
1 0.06171875 0.3984375 0.0578125 0.0953125