1 0.34140625 0.4171875 0.04375 0.03125
1 0.06015625 0.43984375 0.0328125 0.025
1 0.48203125 0.4015625 0.040625 0.034375
1 0.584375 0.42578125 0.0578125 0.0390625
1 0.52890625 0.390625 0.0484375 0.0359375
0 0.2703125 0.5203125 0.084375 0.1140625
1 0.2703125 0.4109375 0.065625 0.0390625
1 0.6765625 0.3421875 0.0796875 0.0546875
1 0.125 0.4203125 0.0578125 0.04375
1 0.396875 0.3921875 0.053125 0.04375
0 0.58671875 0.5453125 0.10625 0.1296875
1 0.759375 0.396875 0.0828125 0.0625
0 0.40625 0.5171875 0.0921875 0.134375
0 0.13125 0.53515625 0.09375 0.1375
0 0.74375 0.55546875 0.1328125 0.1875