1 0.853125 0.37734375 0.01875 0.0390625
1 0.18359375 0.578125 0.021875 0.0375
0 0.18671875 0.7625 0.0875 0.2140625
1 0.67734375 0.5015625 0.0515625 0.0953125
0 0.6921875 0.75390625 0.059375 0.1546875
0 0.075 0.82734375 0.0921875 0.1765625
1 0.1796875 0.615625 0.053125 0.0515625
1 0.8203125 0.37109375 0.053125 0.06875
1 0.08671875 0.69921875 0.0390625 0.0453125
1 0.69296875 0.7546875 0.0625 0.1609375
1 0.27890625 0.60078125 0.0390625 0.0515625
0 0.36015625 0.6703125 0.0890625 0.2671875
1 0.340625 0.4859375 0.0515625 0.075