1 0.2640625 0.81484375 0.0203125 0.025
1 0.8640625 0.7203125 0.0234375 0.0234375
0 0.759375 0.56171875 0.0265625 0.065625
0 0.57734375 0.36015625 0.0609375 0.0984375
1 0.771875 0.49453125 0.028125 0.03125
0 0.84453125 0.83828125 0.0515625 0.115625
0 0.0875 0.48203125 0.046875 0.1140625
1 0.01484375 0.5046875 0.028125 0.04375
1 0.0765625 0.3921875 0.028125 0.03125
1 0.3375 0.8578125 0.025 0.05
0 0.1421875 0.75390625 0.053125 0.1140625
1 0.43671875 0.44140625 0.0390625 0.0421875
1 0.99140625 0.47734375 0.0171875 0.0375
1 0.85625 0.75078125 0.0328125 0.0421875
1 0.12109375 0.309375 0.025 0.0421875
0 0.42890625 0.5515625 0.0515625 0.153125
1 0.19609375 0.78984375 0.040625 0.0609375
1 0.0953125 0.32265625 0.0359375 0.046875
1 0.15703125 0.6671875 0.040625 0.05
1 0.01796875 0.30703125 0.03125 0.0375