1 0.690625 0.31796875 0.0546875 0.090625
0 0.3828125 0.5140625 0.0765625 0.1953125
0 0.78984375 0.503125 0.084375 0.26875
1 0.1796875 0.3625 0.03125 0.059375
1 0.88984375 0.29453125 0.046875 0.065625
1 0.05234375 0.353125 0.0375 0.0625
0 0.2953125 0.496875 0.0703125 0.171875
0 0.671875 0.66953125 0.1421875 0.4046875
1 0.58125 0.32265625 0.0421875 0.0625
1 0.37890625 0.353125 0.04375 0.0625
1 0.8453125 0.2921875 0.05 0.08125
1 0.78125 0.2875 0.0625 0.0796875
1 0.4546875 0.32734375 0.0390625 0.0609375
1 0.12890625 0.3390625 0.0859375 0.11875
1 0.96953125 0.3046875 0.0609375 0.1125
1 0.509375 0.340625 0.046875 0.0703125
1 0.6390625 0.3421875 0.084375 0.125
1 0.28125 0.36171875 0.040625 0.06875